|North Dakota         |     645,680  |     577,056  |     319,146  |
|Ohio                 |   5,759,394  |   4,767,121  |   4,157,545  |
|Oklahoma             |   2,028,283  |   1,657,155  |     790,391  |
|Oregon               |     783,389  |     672,765  |     413,536  |
|Pennsylvania         |   8,720,017  |   7,665,111  |   6,302,115  |
|Rhode Island         |     604,397  |     542,610  |     428,556  |
|South Carolina       |   1,683,724  |   1,515,400  |   1,340,316  |
|South Dakota         |     636,547  |     583,888  |     401,570  |
|Tennessee            |   2,337,885  |   2,184,789  |   2,020,616  |
|Texas                |   4,663,228  |   3,896,542  |   3,048,710  |
|Utah                 |     449,396  |     373,351  |     276,749  |
|Vermont              |     352,428  |     355,956  |     343,641  |
|Virginia             |   2,309,187  |   2,061,612  |   1,854,184  |
|Washington           |   1,356,621  |   1,141,990  |     518,103  |
|West Virginia        |   1,463,701  |   1,221,119  |     958,800  |
|Wisconsin            |   2,632,067  |   2,333,860  |   2,069,042  |
|Wyoming              |     194,402  |     145,965  |      92,531  |
+---------------------+--------------+--------------+--------------+

FOOTNOTES: