
+---------------------+--------------------------------------------+
|      STATES         |                  POPULATION                |
+                     +--------------+--------------+--------------+
|                     |     1920     |     1910     |     1900     |
+---------------------+--------------+--------------+--------------+
|United States        | 105,708,771  |  91,972,266  |  75,994,575  |
+---------------------+--------------+--------------+--------------+
|Alabama              |   2,348,174  |   2,138,093  |   1,828,697  |
|Arizona              |     333,903  |     204,354  |     122,931  |
|Arkansas             |   1,752,204  |   1,574,449  |   1,311,564  |
|California           |   3,426,861  |   2,377,549  |   1,485,053  |
|Colorado             |     939,629  |     799,024  |     539,700  |
|Connecticut          |   1,380,631  |   1,114,756  |     908,420  |
|Delaware             |     223,003  |     202,322  |     184,735  |
|District of Columbia |     437,571  |     331,069  |     278,718  |
|Florida              |     968,470  |     752,619  |     528,542  |
|Georgia              |   2,895,832  |   2,609,121  |   2,216,331  |
|Idaho                |     431,866  |     325,594  |     161,772  |
|Illinois             |   6,485,280  |   5,638,591  |   4,821,550  |